0,140,299,510,490,700,980,1240,1210,1040,1290,1040,1504,934,440,700,594,672,1264,1474,1844,1484,1794,1387,1899,3532,1080,1372,1572,932,3052,532,1243,1168,230,2218,1091,800,770,2494,1292,1749,1108,843,1196,1265,2098,1197,1030,4414,778,1770,1935,2412,1271,837,1305,847,1357,619,335,813,697,1631,1350,1670,1373,1402,1185,519,822,1133,1520,1137,1097,440,1168,1509,1924,1696,1283,3129,729,880,1203,1664,1664,1619,1175,684,1610,1006,4756,809,1022,1022,1022,1202,1148,1103,1103,1103,1788,891,289,2681,1639,1797,1170,1152,1305,1260,1260,807,1005,3430,1223,3682,3169,1974,834,1515,1289,600,1259,1214,479,3715,1418,754,835,1239,2206,2206,2206,2206,2170,1415,1186,1055,1111,1823,1778,1513,1246,1579,2003,1772,1017,1062,1107,1699,968,2502,2115,1780,1989,976,2525,905,744,1499,1286,1331,1286,1275,819,1320,1331,1466,1470,1520,1645,1243,1747,1959,1137,3862,3232,1618,1283,718,856,1181,1195,1929,2454,2424,1051,1471,135,90,206,1566,1566,4388,1336,135,3848,1038,1476,1688,628,1253,157,776,1455,257,623,961,1105,1406,766,1438,3142,980,1002,1206,1869,1750,1810,785,1245,1409,1093,1093,624,654,1404,532,815,1097,2435,886,1229,1690,980,1054,1519,788,1682,1913,1576,1662,1354,1139,1823,1423,1598,976,619,965,1324,1325,1437,2116,1201,1149,1113,3201,1070,1199,180,1425,654,1650,1924,1018,870,2591,650,591,217,1265,756,1563,1013,1475,927,674,916,199,1246,1223,3301,3580,4684,1654,
140,0,320,530,630,680,980,1230,1100,900,1150,912,1364,794,340,720,454,532,1124,1334,1704,1344,1654,1247,1759,3670,1100,1512,1712,1072,3192,553,1103,1028,314,2078,1071,820,790,2634,1152,1609,968,703,1056,1125,2238,1057,890,4554,798,1630,1795,2272,1131,857,1165,707,1418,639,277,713,597,1491,1210,1530,1233,1262,1045,419,682,993,1380,997,957,300,1028,1391,1784,1556,1143,3269,589,900,1063,1524,1524,1479,1035,544,1610,866,4896,709,1162,1162,1162,1342,1008,963,963,963,1778,751,192,2541,1779,1937,1190,1172,1325,1280,1280,667,1025,3420,1083,3822,3309,1834,734,1535,1149,620,1119,1074,500,3855,1278,734,815,1099,2066,2066,2066,2066,2030,1275,1046,915,1131,1683,1638,1395,1266,1439,1863,1632,1037,1082,1127,1559,828,2362,1975,1640,1849,836,2385,925,764,1359,1146,1191,1146,1135,679,1180,1191,1326,1330,1520,1635,1103,1607,1819,1037,4002,3372,1478,1143,858,996,1161,1055,1789,2314,2284,911,1331,275,230,346,1426,1426,4528,1196,180,3988,898,1336,1548,768,1273,180,756,1315,117,483,821,965,1386,906,1298,3282,1000,902,1066,1729,1610,1800,645,1105,1269,953,1073,524,674,1264,474,835,1117,2295,746,1089,1550,840,914,1379,648,1542,1773,1566,1522,1214,1159,1683,1305,1458,996,639,825,1184,1185,1297,1976,1061,1009,973,3341,1210,1059,122,1445,554,1510,1784,1158,890,2451,510,611,120,1125,616,1553,873,1335,1067,574,776,339,1106,1083,3441,3720,4824,1514,
299,320,0,220,630,970,1260,1520,1120,920,1180,920,1477,907,330,420,567,645,1237,1447,1817,1457,1520,1360,1872,3370,790,1210,1410,910,2900,233,1164,1048,529,2191,1361,510,490,2332,1265,1722,1081,819,1169,1234,1936,1170,1003,4252,498,1743,1661,2385,1151,557,1185,953,1108,329,597,703,587,1604,1323,1643,1342,1375,1154,409,928,1102,1493,1017,1070,413,1048,1419,1897,1669,1256,2967,702,600,1176,1637,1637,1592,1055,657,1890,979,4594,699,1000,1000,1000,1180,1121,1076,1076,1076,2068,997,274,2654,1477,1635,880,862,1015,970,970,780,715,3710,1192,3530,3017,1700,724,1225,1169,310,1228,1183,180,3563,1391,1024,1105,1212,2179,2179,2179,2179,2143,1388,1159,1028,831,1796,1751,1423,966,1552,1729,1745,737,782,827,1672,941,2475,1841,1670,1962,949,2498,615,454,1472,1259,1304,1259,1215,792,1289,1304,1405,1360,1800,1925,1216,1720,1819,1027,3710,3080,1591,1256,858,897,1451,1168,1655,2240,2150,1024,1444,434,389,322,1539,1539,4236,1309,434,3696,1011,1449,1661,768,963,142,1046,1428,230,596,934,1078,1676,906,1411,2990,690,892,1179,1814,1723,2090,758,1125,1382,1066,1363,514,364,1377,794,525,807,2408,859,1186,1580,953,1027,1492,761,1655,1639,1856,1635,1327,859,1702,1333,1571,696,329,938,1297,1298,1410,2089,1174,1122,1086,3049,1210,1079,442,1135,544,1540,1650,1158,580,2564,623,301,202,1238,862,1843,986,1448,762,564,889,498,1219,1196,3149,3428,4522,1627,
510,530,220,0,440,1190,1480,1740,1310,1080,1340,1010,1697,1127,550,430,787,865,1457,1667,2037,1280,1340,1580,2092,3210,600,1050,1250,740,2730,453,1354,1208,740,2411,1581,290,500,2172,1485,1545,1301,1039,1330,1394,1776,1390,1223,4092,508,1566,1481,2605,1311,423,1345,1173,918,109,807,923,807,1824,1543,1863,1502,1595,1314,629,1148,1262,1713,1177,1290,633,1208,1581,1720,1495,1476,2807,922,485,991,1460,1460,1415,1215,877,2110,1199,4434,919,830,830,830,1010,1341,1296,1296,1296,2288,1217,494,2874,1317,1475,690,672,825,780,780,1000,495,3930,1352,3360,2847,1520,944,1035,1329,90,1388,1343,400,3393,1261,1244,1325,1432,2399,2399,2399,2399,2363,1569,1379,1248,697,2016,1971,1585,832,1772,1549,1965,603,648,693,1892,1133,2695,1661,1830,2182,1169,2718,395,234,1692,1420,1465,1420,1375,1012,1449,1465,1565,1520,2020,2145,1436,1940,1639,995,3540,2910,1811,1476,668,677,1671,1338,1475,2060,1970,1244,1664,645,600,542,1759,1759,4066,1529,645,3526,1181,1669,1621,578,773,362,1266,1648,450,816,1154,1248,1896,703,1631,2820,470,860,1399,1634,1943,2310,978,1285,1602,1286,1583,734,144,1553,1004,305,587,2628,1079,1358,1740,1024,1098,1712,953,1875,1459,2076,1458,1547,725,1522,1495,1791,562,109,1158,1517,1479,1630,2309,1394,1342,901,2879,1007,1239,652,945,764,1700,1470,968,360,2784,843,81,422,1408,1082,2063,1206,1649,542,784,1109,709,1439,1011,2979,3258,4362,1450,
490,630,630,440,0,1180,1420,1670,1690,1520,1750,1450,1994,1424,930,870,1084,1162,1754,1964,2334,1670,1700,1877,2389,3042,970,882,1082,442,2562,863,1733,1648,720,2708,1571,730,940,2004,1782,1803,1598,1333,1686,1755,1608,1687,1520,3924,948,1634,1841,2902,1751,863,1785,1337,867,549,825,1303,1187,2121,1840,2160,1863,1892,1675,1009,1312,1623,2010,1617,1587,930,1648,1989,2110,1885,1773,2639,1219,925,1361,1850,1850,1805,1655,1174,2050,1496,4266,1299,532,532,532,712,1638,1593,1593,1593,2218,1381,779,3171,1149,1307,1060,1042,1195,1150,1150,1297,935,3860,1713,3192,2679,1880,1324,1280,1769,530,1749,1704,810,3225,1631,1234,1315,1729,2696,2696,2696,2696,2660,1905,1676,1545,1137,2313,2268,1993,1272,2069,1774,2262,1043,1088,1133,2189,1458,2992,2021,2240,2479,1466,3015,835,674,1989,1776,1821,1776,1765,1309,1810,1821,1956,1930,1960,2075,1733,2237,1599,1435,3372,2742,2108,1773,228,366,1661,1685,1835,2094,2330,1541,1961,625,580,696,2056,2056,3898,1826,625,3358,1528,1966,1991,138,1143,647,1256,1945,747,1113,1451,1595,1886,276,1928,2652,910,1300,1696,1509,2240,2240,1275,1725,1899,1583,1534,1114,584,1894,1022,745,1027,2925,1376,1719,2150,1464,1538,2009,1278,2172,1684,2006,1716,1844,1165,1882,1903,2088,1002,549,1455,1814,1815,1927,2606,1691,1639,1271,2711,580,1679,670,1190,1144,2110,1830,528,800,3081,1140,521,707,1755,1246,1993,1503,1965,437,1164,1406,306,1736,1381,2811,3090,4194,1840,
700,680,970,1190,1180,0,380,640,1740,1550,1800,1592,2044,1474,995,1360,1134,1212,1804,2014,2384,2024,2334,1927,2439,4222,1750,2062,2262,1622,3742,1203,1783,1678,772,2758,391,1480,1430,3184,1832,2289,1648,1383,1736,1805,2788,1737,1570,5104,1438,2310,2475,2952,1781,1497,1815,1387,2047,1299,425,1368,1252,2171,1890,2210,1913,1942,1725,1074,1362,1673,2060,1647,1637,980,1678,2039,2464,2236,1823,3819,1269,1540,1743,2204,2204,2159,1685,1224,1010,1546,5446,1364,1712,1712,1712,1892,1688,1643,1643,1643,1188,1431,872,3221,2329,2487,1840,1822,1975,1930,1930,1347,1685,2830,1763,4372,3859,2514,1389,2185,1799,1280,1799,1754,1150,4405,1958,54,135,1779,2746,2746,2746,2746,2710,1955,1726,1595,1771,2363,2318,2043,1906,2119,2543,2312,1677,1722,1767,2239,1508,3042,2655,2290,2529,1516,3065,1585,1424,2039,1826,1871,1826,1815,1359,1860,1871,2006,1980,920,1045,1783,2287,2499,1692,4552,3922,2158,1823,1408,1546,481,1735,2469,2994,2964,1591,2011,835,790,906,2106,2106,5078,1876,835,4538,1578,2016,2228,1318,1923,857,76,1995,797,1163,1501,1645,706,1456,1978,3832,1660,1557,1746,2409,2290,1210,1325,1755,1949,1633,393,1179,1334,1944,228,1495,1777,2975,1426,1769,2200,1520,1594,2059,1328,2222,2453,976,2202,1894,1799,2363,1953,2138,1636,1299,1505,1864,1865,1977,2656,1741,1689,1653,3891,1760,1709,580,2095,1209,2160,2464,1708,1550,3131,1190,1271,800,1805,1296,963,1553,2015,1617,1229,1456,899,1786,1763,3991,4270,5374,2194,
980,980,1260,1480,1420,380,0,260,2030,1840,2090,1890,2344,1774,1290,1660,1434,1512,2104,2314,2684,2324,2634,2227,2739,4462,2040,2302,2502,1862,3982,1493,2074,1968,756,3058,771,1770,1730,3424,2132,2589,1948,1683,2036,2105,3028,2037,1870,5344,1738,2610,2775,3252,2071,1797,2105,1687,2287,1589,805,1663,1547,2471,2190,2510,2213,2242,2025,1369,1662,1973,2360,1937,1937,1280,1968,2329,2764,2536,2123,4059,1569,1840,2043,2504,2504,2459,1975,1524,630,1846,5686,1659,1952,1952,1952,2132,1988,1943,1943,1943,808,1731,1172,3521,2569,2727,2130,2112,2265,2220,2220,1647,1975,2450,2063,4612,4099,2814,1684,2475,2089,1570,2099,2054,1440,4645,2258,434,515,2079,3046,3046,3046,3046,3010,2255,2026,1895,2071,2663,2618,2333,2206,2419,2843,2612,1977,2022,2067,2539,1808,3342,2955,2580,2829,1816,3365,1875,1714,2339,2126,2171,2126,2115,1659,2160,2171,2306,2270,540,665,2083,2587,2799,1987,4792,4162,2458,2123,1648,1786,861,2035,2769,3294,3264,1891,2311,1115,1070,1186,2406,2406,5318,2176,1115,4778,1878,2316,2528,1558,2213,1137,456,2295,1097,1463,1801,1945,1086,1696,2278,4072,1950,1852,2046,2709,2590,830,1625,2045,2249,1933,114,1474,1624,2244,608,1785,2067,3275,1726,2069,2490,1820,1894,2359,1628,2522,2753,596,2502,2194,2099,2663,2243,2438,1936,1589,1805,2164,2165,2277,2956,2041,1989,1953,4131,2000,1999,948,2385,1504,2450,2764,1948,1840,3431,1490,1561,1100,2105,1596,583,1853,2315,1857,1524,1756,1179,2086,2063,4231,4510,5614,2494,
1240,1230,1520,1740,1670,640,260,0,2290,2100,2350,2142,2594,2024,1550,1920,1684,1762,2354,2564,2934,2574,2884,2477,2989,4712,2300,2552,2752,2112,4232,1753,2333,2228,1016,3308,1031,2030,1990,3674,2382,2839,2198,1933,2286,2355,3278,2287,2120,5594,1998,2860,3025,3502,2331,2057,2365,1937,2537,1849,1065,1923,1807,2721,2440,2760,2463,2492,2275,1629,1912,2223,2610,2197,2187,1530,2228,2589,3014,2786,2373,4309,1819,2100,2293,2754,2754,2709,2235,1774,890,2096,5936,1919,2202,2202,2202,2382,2238,2193,2193,2193,548,1981,1422,3771,2819,2977,2390,2372,2525,2480,2480,1897,2235,2190,2313,4862,4349,3064,1944,2735,2349,1830,2349,2304,1700,4895,2508,694,775,2329,3296,3296,3296,3296,3260,2505,2276,2145,2331,2913,2868,2593,2466,2669,3093,2862,2237,2282,2327,2789,2058,3592,3205,2840,3079,2066,3615,2135,1974,2589,2376,2421,2376,2365,1909,2410,2421,2556,2530,450,405,2333,2837,3049,2247,5042,4412,2708,2373,1898,2036,1121,2285,3019,3544,3514,2141,2561,1375,1330,1446,2656,2656,5568,2426,1375,5028,2128,2566,2778,1808,2473,1397,716,2545,1347,1713,2051,2195,1126,1946,2528,4322,2210,2112,2296,2959,2840,570,1875,2305,2499,2183,355,1734,1884,2494,868,2045,2327,3525,1976,2319,2750,2070,2144,2609,1878,2772,3003,336,2752,2444,2359,2913,2503,2688,2196,1849,2055,2414,2415,2527,3206,2291,2239,2203,4381,2250,2259,1208,2645,1764,2710,3014,2198,2100,3681,1740,1821,1350,2355,1846,323,2103,2565,2107,1784,2006,1439,2336,2313,4481,4760,5864,2744,
1210,1100,1120,1310,1690,1740,2030,2290,0,300,180,480,780,740,830,960,1080,840,1450,1900,2020,1700,1980,1860,2370,4070,1390,2030,2260,1960,3920,1153,44,208,1414,2689,2131,1600,1030,3152,1478,1942,1594,444,394,182,2756,1534,560,5102,1038,1963,2121,2883,412,1097,110,963,1708,1419,1377,713,952,955,1305,1040,290,1588,102,865,938,154,982,278,700,1072,309,299,2112,1887,1451,3817,1215,1140,1371,1880,1880,1835,343,1170,2660,1492,5444,834,2050,2050,2050,2230,1316,1271,1271,1271,2838,1007,1292,3152,2327,2485,1480,1462,1615,1570,1570,975,1805,4480,244,4550,4037,2160,1052,1825,327,1400,135,131,1300,4583,1586,1794,1875,1725,2382,2382,2382,2382,2346,562,1672,682,1111,981,936,303,1246,1041,2189,1398,1277,1291,1246,1316,883,2973,2301,574,2460,794,2996,1305,1544,1671,484,529,484,135,1305,180,495,405,360,2570,2695,1729,2220,2152,705,4730,4100,1786,1451,1918,1987,2221,542,2115,2647,2610,1537,2103,1345,1300,1416,2039,2039,5256,652,1280,4716,519,1949,1856,1828,1563,1262,1816,2087,1054,1255,1447,452,2446,1966,1606,4010,1780,678,1449,2062,2223,2860,1271,150,1581,1430,2133,879,1454,393,1574,1215,1497,2906,704,66,484,584,658,1136,892,1308,2099,2626,1855,816,1024,2162,213,756,976,1419,592,1527,472,899,2292,596,1635,1281,4069,2109,237,1222,1735,872,524,2110,2218,1670,3062,1109,1391,1220,292,872,2613,1181,1643,1852,699,1402,1409,1878,1391,4169,4448,5372,1842,
1040,900,920,1080,1520,1550,1840,2100,300,0,280,180,900,590,640,680,890,550,1360,1750,1940,1400,1680,1650,2162,3770,1090,1737,1967,1680,3630,873,292,128,1214,2481,1941,1370,750,2859,1388,1652,1404,197,494,314,2463,1234,519,4809,758,1673,1821,2675,231,815,265,1118,1408,1189,1177,868,705,1075,1405,1160,422,1498,234,618,1093,182,1082,97,676,782,128,521,1822,1597,1161,3524,1025,860,1081,1580,1580,1535,135,980,2470,1302,5151,587,1770,1770,1770,1950,1026,981,981,981,2648,1162,1092,2944,2034,2192,1180,1162,1315,1270,1270,685,1575,4290,272,4260,3747,1860,1034,1525,249,1170,308,263,1100,4293,1296,1604,1685,1535,2302,2302,2302,2302,2266,662,1482,514,811,1097,1052,525,946,1141,1889,1498,995,991,946,1416,583,2765,2001,770,2252,753,2788,1023,1314,1595,584,629,584,295,1115,369,595,505,460,2380,2505,1539,2010,1862,405,4440,3810,1496,1161,1748,1757,2031,508,1815,2357,2310,1347,1813,1175,1130,1242,1829,1829,4966,752,1080,4426,351,1739,1566,1658,1263,1062,1626,1797,864,965,1257,418,2256,1783,1316,3720,1550,378,1320,1772,2013,2670,1081,205,1505,1130,1943,632,1224,493,1374,933,1215,2698,663,278,680,284,358,1236,592,1408,1799,2436,1565,916,724,1862,435,872,676,1189,424,1437,572,999,2212,696,1445,991,3779,1809,159,1022,1435,854,640,1810,2048,1440,2854,946,1161,1020,347,1027,2423,891,1353,1622,452,1212,1239,1588,1101,3879,4158,5079,1552,
1290,1150,1180,1340,1750,1800,2090,2350,180,280,0,430,620,580,890,940,920,750,1280,1720,1850,1620,1940,1680,2190,4020,1330,1970,2200,1950,3860,1133,224,315,1464,2509,2191,1630,1010,3092,1308,1852,1434,477,214,225,2696,1437,380,5042,1018,1873,2081,2703,511,1077,290,1143,1648,1449,1427,893,985,795,1125,880,333,1418,209,898,1118,261,802,377,520,970,408,241,2022,1797,1361,3757,1055,1120,1281,1800,1800,1755,415,1010,2720,1332,5384,867,2040,2040,2040,2220,1226,1181,1181,1181,2898,1187,1342,2972,2267,2425,1420,1402,1555,1510,1510,885,1835,4540,351,4490,3977,2120,1232,1765,507,1430,180,180,1360,4523,1496,1854,1935,1565,2212,2212,2212,2212,2176,382,1512,611,1091,817,772,245,1226,861,2149,1218,1257,1271,1226,1136,833,2793,2261,490,2280,614,2816,1285,1574,1491,304,349,304,135,1145,135,315,225,180,2630,2755,1569,2040,2062,655,4670,4040,1696,1361,1978,2017,2281,471,2075,2557,2570,1377,1950,1425,1380,1496,1859,1859,5196,472,1330,4656,448,1769,1766,1888,1503,1322,1876,1985,1114,1153,1287,381,2506,2026,1516,3950,1810,658,1269,1972,2043,2920,1111,79,1401,1333,2193,912,1484,213,1624,1195,1477,2726,524,246,400,534,608,956,842,1128,2059,2686,1765,636,974,2122,155,592,956,1449,521,1357,292,719,2122,416,1475,1191,4009,2049,417,1272,1675,1052,360,2070,2278,1700,2882,949,1421,1270,221,1052,2673,1091,1553,1882,732,1242,1489,1776,1301,4109,4388,5312,1752,
1040,912,920,1010,1450,1592,1890,2142,480,180,430,0,995,440,650,590,730,380,1210,1590,1780,1260,1530,1500,2010,3620,920,1560,1790,1610,3450,783,472,308,1226,2329,1983,1300,660,2682,1238,1482,1244,377,320,494,2286,1054,339,4632,668,1503,1671,2523,411,705,445,1273,1238,1119,1189,1023,719,1170,1284,1255,602,1348,414,729,1248,362,979,277,496,612,308,671,1652,1427,991,3347,865,770,911,1440,1440,1395,315,820,2520,1142,4974,767,1700,1700,1700,1880,856,811,811,811,2690,1317,1104,2792,1857,2015,1010,992,1145,1100,1100,515,1505,4332,452,4080,3567,1710,1044,1355,429,1100,488,443,1100,4113,1126,1646,1727,1375,2142,2142,2142,2142,2106,559,1322,334,701,1227,1182,675,836,1038,1739,1395,885,881,836,1313,403,2613,1851,920,2100,573,2636,913,1244,1445,410,455,410,475,955,549,455,590,610,2430,2547,1379,1860,1692,225,4260,3630,1326,991,1678,1687,2073,328,1665,2187,2160,1187,1643,1175,1130,1242,1679,1679,4786,649,1092,4246,171,1589,1396,1588,1093,1062,1668,1627,795,795,1097,238,2298,1713,1146,3540,1480,268,1140,1602,1863,2712,921,385,1355,950,1985,646,1154,548,1386,823,1105,2546,483,458,830,104,178,1133,412,1305,1649,2478,1395,813,544,1712,585,1002,566,1119,244,1287,469,896,2052,593,1285,821,3599,1639,339,1034,1265,864,790,1660,1978,1370,2702,786,1091,1032,398,1182,2465,721,1183,1552,632,1052,1239,1418,931,3699,3978,4902,1382,
1504,1364,1477,1697,1994,2044,2344,2594,780,900,620,995,0,570,1471,1430,910,920,870,1420,1450,1780,2060,1600,2110,4150,1650,2290,2520,2370,4180,1623,824,935,1678,2429,2435,1987,1500,3412,898,2022,1344,1097,677,845,3016,817,764,5362,1481,2043,2201,2623,1131,1567,890,1743,1968,1806,1641,1493,1605,175,580,260,953,837,829,1518,1718,881,350,997,607,1064,1028,723,2192,1967,1531,4077,1045,1610,1451,1960,1960,1915,1035,1000,2974,1322,5704,1487,2460,2460,2460,2640,1396,1351,1351,1351,3142,1787,1556,2892,2587,2745,1740,1722,1875,1830,1830,1055,2192,4784,971,4810,4297,2240,1832,2085,1107,1787,800,800,1657,4843,1666,2098,2179,1201,1812,1812,1812,1812,1776,618,1194,1095,1696,319,274,727,1831,409,2269,673,1747,1792,1831,591,1216,2713,2381,456,2143,790,2736,1775,1931,946,708,812,767,755,1111,755,812,845,506,2884,2999,1479,1960,2232,1220,4990,4360,1866,1531,2222,2360,2525,992,2195,2727,2690,1059,1870,1639,1594,1710,1779,1779,5516,638,1544,4976,932,1689,1936,2132,1823,1544,2120,1950,1247,1247,969,902,2750,2270,1686,4270,2167,1263,724,2142,1963,3164,1021,699,856,713,2437,1532,1841,607,1838,1685,1967,2646,700,846,366,1099,1173,411,1036,583,2179,2930,1935,184,1539,2242,637,94,1561,1806,1005,947,528,267,1722,503,1111,1361,4329,2369,1017,1486,1995,1652,326,2190,2522,2057,2802,939,1778,1484,841,1652,2917,1261,1723,2239,1352,1232,1703,1741,1471,4429,4708,5632,1922,
934,794,907,1127,1424,1474,1774,2024,740,590,580,440,570,0,901,870,340,360,830,1200,1360,1210,1500,1150,1662,3590,1090,1730,1960,1810,3620,1063,784,718,1108,1981,1865,1417,940,2852,858,1462,854,787,440,805,2456,943,274,4802,921,1483,1641,2175,821,1007,850,1501,1408,1236,1071,1274,1158,745,909,830,913,968,789,980,1476,772,586,687,163,494,718,795,1632,1407,971,3517,475,1050,891,1390,1390,1345,725,430,2404,752,5144,1177,1900,1900,1900,2080,836,791,791,791,2572,1545,986,2444,2027,2185,1180,1162,1315,1270,1270,495,1622,4214,862,4250,3737,1680,1295,1525,839,1217,760,760,1087,4283,1106,1528,1609,985,1722,1722,1722,1722,1686,481,932,605,1141,889,844,799,1276,645,1709,1002,1187,1232,1276,920,656,2265,1821,1026,1752,220,2288,1215,1361,1065,530,575,530,715,565,715,575,710,760,2314,2429,989,1510,1672,665,4430,3800,1306,971,1652,1790,1955,599,1635,2167,2130,797,1420,1069,1024,1140,1329,1329,4956,402,974,4416,442,1239,1376,1562,1263,974,1550,1500,677,677,707,509,2180,1700,1126,3710,1597,708,952,1582,1513,2594,531,659,975,839,1867,1085,1271,470,1268,1125,1407,2198,130,806,936,544,618,740,476,912,1619,2360,1375,420,984,1682,709,664,1006,1236,515,907,391,503,1632,267,895,801,3769,1809,749,916,1435,1115,896,1630,1952,1487,2354,369,1208,914,669,1410,2347,701,1163,1669,1042,662,1133,1291,911,3869,4148,5072,1362,
440,340,330,550,930,995,1290,1550,830,640,890,650,1471,901,0,450,561,639,1231,1441,1811,1451,1630,1354,1866,3700,910,1540,1740,1240,3230,563,874,768,654,2185,1386,840,520,2662,1259,1716,1075,489,970,911,2266,1164,989,4582,528,1737,1771,2379,871,587,905,623,1228,659,617,373,257,1598,1317,1637,1019,1369,831,79,598,779,1487,737,1064,407,768,1129,1891,1663,1250,3297,696,630,1170,1631,1631,1586,775,651,1920,973,4924,369,1330,1330,1330,1510,1115,1070,1070,1070,2098,667,532,2648,1807,1965,1000,982,1135,1090,1090,774,1045,3740,869,3860,3347,1810,394,1345,889,640,905,860,510,3893,1385,1049,1130,1206,2173,2173,2173,2173,2137,1209,1153,984,861,1707,1662,1133,996,1546,1839,1739,767,812,857,1666,935,2469,1951,1380,1956,943,2492,795,784,1466,1060,1105,1060,921,786,966,1105,1115,1070,1830,1955,1210,1714,1926,697,4040,3410,1585,1250,1158,1227,1476,978,1765,2350,2260,1018,1438,575,530,646,1533,1533,4566,1299,520,4026,821,1443,1655,1068,1083,472,1071,1422,224,590,928,888,1701,1206,1405,3320,1020,562,1173,1836,1717,2120,752,845,1376,1060,1388,184,694,1103,814,705,987,2402,853,875,1290,726,800,1486,755,1649,1749,1886,1629,1321,889,1790,1043,1482,726,659,894,1291,1119,1404,2083,1168,1116,1080,3379,1510,799,462,1255,214,1250,1760,1458,910,2558,617,631,460,987,532,1873,980,1442,1092,234,883,639,1213,1190,3479,3758,4852,1621,
700,720,420,430,870,1360,1660,1920,960,680,940,590,1430,870,450,0,810,520,1450,1670,2030,1150,1210,1490,2000,3300,480,1120,1350,1040,3010,193,972,808,930,2319,1751,720,70,2242,1478,1415,1324,877,910,994,1846,1165,906,4192,78,1436,1351,2513,911,137,945,1073,798,539,997,823,707,1599,1395,1684,1102,1588,914,529,1048,862,1456,777,1033,752,808,1181,1590,1365,1131,2907,945,180,871,1330,1330,1285,815,900,2290,1222,4534,819,1130,1130,1130,1310,996,951,951,951,2468,1117,694,2782,1417,1575,570,552,705,660,660,655,925,4110,952,3640,3127,1390,844,915,929,520,988,943,600,3673,1141,1414,1495,1455,2392,2392,2392,2392,2356,1149,1402,903,411,1749,1704,1185,546,1515,1419,1826,317,362,407,1744,703,2603,1531,1430,2090,852,2626,345,664,1685,1000,1045,1000,975,1035,1049,1045,1165,1120,2200,2325,1459,1850,1509,709,3820,3190,1466,1131,1098,1107,1841,918,1345,1930,1840,1267,1614,835,790,742,1669,1669,4346,1239,835,3806,761,1579,1501,1008,653,562,1436,1598,650,935,1177,828,2066,1133,1286,3100,900,574,1251,1504,1853,2490,1001,885,1595,1061,1753,634,574,1138,1194,255,537,2536,762,958,1340,694,768,1564,523,1736,1329,2256,1328,1290,439,1392,1095,1524,276,539,813,1527,1059,1373,2302,1137,1365,781,3159,1199,839,842,825,664,1300,1340,1398,790,2692,866,511,622,988,982,2243,861,1323,972,684,1132,899,1389,891,3259,3538,4462,1320,
594,454,567,787,1084,1134,1434,1684,1080,890,920,730,910,340,561,810,0,350,670,880,1250,890,1200,840,1352,3290,990,1637,1867,1477,3467,800,1124,1018,768,1671,1525,1077,880,2759,698,1155,514,1050,780,1145,2363,603,614,4709,888,1176,1341,1865,1121,947,1155,1161,1308,896,731,934,818,1037,756,1076,1253,808,1124,640,1136,1072,926,987,503,154,1018,1135,1330,1105,961,3424,135,990,881,1070,1070,1025,1025,90,2064,412,5051,930,1567,1567,1567,1747,826,781,781,781,2232,1205,646,2134,1934,2092,1080,1062,1215,1170,1170,485,1282,3874,1162,4097,3584,1380,955,1425,1139,877,1100,1100,747,4130,1096,1188,1269,645,1612,1612,1612,1612,1576,821,592,733,1221,1229,1184,1139,1356,985,1409,1178,1127,1172,1217,1105,646,1955,1521,1366,1442,560,1978,1155,1021,905,870,915,870,1055,225,1055,915,1050,1100,1974,2089,649,1200,1365,955,4277,3647,1296,961,1312,1450,1615,873,1335,1860,1830,457,1110,729,684,800,1019,1019,4803,742,634,4263,716,929,1366,1222,1163,634,1210,1169,337,337,367,783,1840,1360,1116,3557,1257,822,612,1275,1203,2254,191,999,815,499,1527,745,931,810,928,1065,1347,1888,470,1146,1276,658,732,925,466,1088,1319,2020,1068,760,1098,1382,1049,1004,1086,896,643,730,731,843,1522,607,555,791,3616,1664,1049,576,1335,775,1236,1330,1612,1147,2044,56,868,574,943,1070,2007,691,1153,1329,795,322,793,960,901,3716,3995,4979,1060,
672,532,645,865,1162,1212,1512,1762,840,550,750,380,920,360,639,520,350,0,995,1210,1570,880,1190,1120,1632,3280,740,1380,1610,1460,3270,713,842,678,846,1951,1603,1155,590,2502,1023,1102,864,747,552,864,2106,758,386,4452,561,1123,1331,2145,781,657,815,1239,1058,974,809,1012,896,1095,988,1180,972,1133,784,718,1214,732,946,647,523,232,678,991,1272,1047,611,3167,485,700,531,1060,1060,1015,685,440,2142,762,4794,1008,1550,1550,1550,1730,476,431,431,431,2310,1283,724,2414,1677,1835,830,812,965,920,920,135,1360,3952,822,3900,3387,1370,1033,1175,799,955,858,813,825,3933,746,1266,1347,995,1932,1932,1932,1932,1896,791,942,383,905,1239,1194,995,1040,1005,1399,1362,837,882,927,1280,296,2235,1511,1240,1722,332,2258,865,1099,1230,642,687,642,825,575,885,687,822,930,2052,2167,999,1480,1312,605,4080,3450,946,611,1390,1528,1693,523,1325,1807,1820,807,1263,807,762,878,1299,1299,4606,762,712,4066,366,1209,1016,1300,913,712,1288,1247,415,415,717,433,1918,1438,766,3360,1335,472,844,1222,1483,2332,541,735,1140,654,1605,823,1009,780,1006,775,1057,2168,242,828,1150,308,382,1100,116,1272,1309,2098,1015,780,748,1372,905,1014,770,974,293,1072,701,863,1842,627,905,441,3419,1459,709,654,1085,853,1110,1320,1690,1225,2324,406,946,652,593,1148,2085,341,803,1407,873,672,871,1038,551,3519,3798,4722,1002,
1264,1124,1237,1457,1754,1804,2104,2354,1450,1360,1280,1210,870,830,1231,1450,670,995,0,560,580,1360,1660,1110,1370,3600,1650,2290,2520,2147,4137,1470,1494,1488,1438,1689,2195,1747,1520,3412,28,1625,928,1557,1270,1505,3016,878,1104,5362,1528,1646,1801,1883,1591,1587,1560,1831,1968,1566,1401,1604,1488,800,535,715,1613,138,1489,1310,1806,1541,1076,1457,993,824,1488,1521,1800,1575,1606,4077,805,1630,1526,1540,1540,1495,1495,760,2734,1082,5704,1600,2237,2237,2237,2417,1471,1426,1426,1426,2902,1875,1316,2152,2587,2745,1740,1722,1875,1830,1830,1130,1952,4544,1631,4767,4254,1840,1625,2085,1609,1547,1460,1460,1417,4800,1741,1858,1939,331,942,942,942,942,906,1311,347,1378,1861,1189,1144,1525,1996,1052,1869,508,1767,1812,1857,770,1291,1973,1981,1326,1283,1050,1996,1795,1691,235,1360,1405,1360,1415,695,1415,1405,1505,1376,2644,2759,1063,1470,1835,1435,4947,4317,1896,1606,1982,2120,2285,1429,1795,2330,2290,519,1380,1399,1354,1470,1289,1289,5473,1232,1304,4933,1272,1199,1966,1892,1823,1304,1880,1460,1007,1007,429,1339,2510,2030,1716,4227,1927,1467,674,1745,1473,2924,605,1359,145,864,2197,1415,1601,1300,1598,1705,1987,1906,960,1516,1236,1303,1377,590,1111,418,1779,2690,1538,910,1743,1828,1435,964,1726,1566,1288,77,1221,827,852,1097,241,1436,4286,2334,1519,1246,1995,1445,1196,1790,2282,1817,2062,726,1538,1244,1499,1740,2677,1336,1729,1999,1465,992,1463,1251,1546,4386,4665,5632,1530,
1474,1334,1447,1667,1964,2014,2314,2564,1900,1750,1720,1590,1420,1200,1441,1670,880,1210,560,0,480,940,1220,580,813,3040,1640,1920,2130,2357,3830,1680,1944,1878,1648,1132,2405,1957,1740,3042,588,1205,388,1930,1640,1945,2646,1123,1474,4972,1748,1226,1361,1326,1981,1807,2010,2041,1958,1776,1611,1814,1698,1360,1095,1275,2053,698,1929,1520,2016,1932,1636,1847,1363,1034,1878,1961,1380,1155,1435,3687,1015,1850,1741,1120,1120,1075,1885,970,2944,1292,5314,1810,2447,2447,2447,2280,1611,1641,1641,1641,3112,2085,1526,1595,2197,2355,1730,1712,1865,1820,1820,1345,2162,4754,2022,4460,3947,1400,1835,2075,1999,1757,1900,1900,1627,4493,1795,2068,2149,891,842,842,842,842,806,1681,907,1593,2081,1739,1694,1965,2216,1612,1429,1068,1987,2032,2077,1330,1506,1416,1541,1876,723,1420,1439,2015,1901,795,1730,1775,1730,1855,801,1855,1775,1910,1900,2854,2969,523,940,1415,1815,4640,4010,1476,1611,2192,2330,2495,1733,1355,1910,1850,977,850,1609,1564,1680,759,759,5166,1602,1514,4626,1576,669,1546,2102,1813,1514,2090,930,1217,1217,887,1643,2720,2240,1296,3920,2137,1682,1132,1325,943,3134,711,1799,705,1019,2407,1625,1811,1670,1808,1925,2207,1349,1330,1966,1786,1518,1592,1150,1326,978,1339,2900,1118,1470,1958,1298,1875,1514,1946,1776,1503,637,1591,1387,752,1467,801,1651,3979,2359,1909,1456,1985,1655,1746,1350,2492,2027,1505,936,1748,1454,1803,1950,2887,1551,1309,2209,1675,1202,1673,721,1761,4079,4358,5242,1110,
1844,1704,1817,2037,2334,2384,2684,2934,2020,1940,1850,1780,1450,1360,1811,2030,1250,1570,580,480,0,1410,1700,1040,1240,3460,2100,2390,2600,2727,4300,2050,2064,2068,2018,1559,2775,2327,2100,3512,563,1675,868,2137,1800,2075,3116,1458,1634,5442,2108,1696,1841,1753,2171,2167,2130,2411,2418,2146,1981,2184,2068,1366,1115,1281,2183,704,2059,1890,2386,2111,1656,2037,1523,1404,2068,2091,1850,1625,1905,4157,1385,2210,2101,1590,1590,1545,2075,1340,3314,1662,5784,2180,2817,2817,2817,2750,2046,2001,2001,2001,3482,2455,1896,2022,2667,2825,2190,2172,2325,2280,2280,1705,2532,5124,2201,4930,4417,1880,2205,2535,2189,2127,2030,2030,1997,4963,2265,2438,2519,911,362,362,362,362,326,1841,927,1953,2441,1769,1724,2095,2576,1632,1909,1088,2347,2392,2437,1350,1866,1843,2021,1906,1203,1580,1866,2375,2271,815,1890,1935,1890,1985,1275,1985,1935,2070,1956,3224,3339,1003,1400,1885,2005,5110,4480,1946,2081,2562,2700,2865,1959,1835,2380,2330,1099,1310,1979,1934,2050,1219,1219,5636,1762,1884,5096,1802,1129,2016,2472,2273,1884,2460,1390,1587,1587,1009,1869,3090,2610,1766,4390,2507,2042,1254,1795,1403,3504,1185,1929,725,1444,2777,1995,2181,1830,2178,2285,2567,1776,1490,2086,1816,1878,1952,1170,1686,998,1819,3270,1588,1490,2318,1758,2005,1544,2306,2146,1863,657,1751,1407,272,1627,821,2011,4449,2819,2099,1826,2445,2025,1776,1830,2862,2397,1932,1306,2118,1824,2029,2320,3257,1911,1779,2579,2045,1572,2043,1181,2121,4549,4828,5712,1580,
1484,1344,1457,1280,1670,2024,2324,2574,1700,1400,1620,1260,1780,1210,1451,1150,890,880,1360,940,1410,0,320,380,892,2400,700,980,1200,1420,2890,1343,1692,1528,1658,1211,2415,1570,1220,2102,1388,265,1049,1597,1432,1714,1706,1493,1266,4042,1228,286,461,1405,1631,1069,1665,2051,1018,1389,1621,1824,1708,1927,1646,1966,1822,1498,1634,1530,2026,1582,1796,1497,1373,1044,1528,1861,440,215,495,2757,1025,1330,1091,180,180,135,1535,980,2954,1302,4384,1820,1510,1510,1510,1340,671,855,855,855,3122,2095,1536,1674,1267,1425,790,772,925,880,880,1015,1775,4764,1672,3520,3007,500,1845,1135,1649,1370,1708,1663,1637,3553,855,2078,2159,1535,1772,1772,1772,1772,1736,1671,1482,1263,1343,2099,2054,1865,1471,1855,529,1868,1249,1294,1339,1995,1176,1495,641,2110,982,1212,1518,1277,1514,1595,1522,1567,1522,1695,1115,1755,1567,1702,1800,2864,2979,1184,740,475,1485,3700,3070,536,671,1721,1676,2505,1403,455,970,950,1347,464,1619,1574,1690,559,559,4226,1612,1524,3686,1246,469,606,1724,873,1524,2100,448,1227,862,1257,1313,2730,1586,356,2980,1750,1352,1502,385,743,3144,1081,1605,1505,1389,2417,1635,1424,1660,1818,1187,1469,1428,1122,1678,2020,1188,1262,1815,996,1778,439,2910,178,1630,1111,502,1775,1874,1208,1389,1173,1437,1581,1713,1682,1477,1445,1001,3039,1419,1559,1466,1045,1665,1980,450,1927,1640,1584,946,1361,1464,1473,1960,2897,765,369,1747,1685,1212,1683,239,1111,3139,3418,4312,170,
1794,1654,1520,1340,1700,2334,2634,2884,1980,1680,1940,1530,2060,1500,1630,1210,1200,1190,1660,1220,1700,320,0,680,865,2090,750,880,1080,1320,2790,1403,1972,1808,1968,1184,2725,1630,1280,2002,1688,313,1349,1877,1742,1994,1606,1803,1576,3922,1288,334,141,1378,1911,1119,1945,2253,1068,1449,1931,2003,1887,2235,1956,2276,2102,1798,1914,1709,2228,1862,2086,1777,1663,1354,1808,2181,760,535,815,2637,1335,1390,1141,500,500,455,1815,1290,3264,1612,4264,1999,1410,1410,1410,1240,991,990,990,990,3432,2297,1794,1647,1147,1305,840,822,975,930,930,1325,1835,5074,1952,3420,2907,180,2024,1185,1929,1430,1988,1943,1700,3453,1175,2388,2469,1845,2062,2062,2062,2062,2026,1981,1792,1573,1393,2379,2334,2185,1521,2145,209,2168,1299,1344,1389,2305,1486,1468,321,2430,955,1522,1491,1327,1574,1895,1832,1877,1832,1975,1425,2049,1877,2012,2120,3174,3289,1484,1040,299,1691,3600,2970,856,991,1621,1576,2815,1713,135,720,630,1657,685,1929,1884,1842,859,859,4126,1902,1834,3586,1556,769,926,1624,923,1662,2410,550,1537,1182,1567,1623,3040,1486,676,2880,1810,1556,1812,294,1043,3454,1391,1885,1805,1699,2727,1814,1484,1970,2128,1237,1519,1401,1432,1958,2340,1498,1572,2125,1306,2078,119,3220,226,1920,1161,182,2095,2154,1258,1449,1483,1737,1891,2003,1972,1767,1755,1051,2939,1469,1839,1776,1095,1844,2300,130,1827,1700,1557,1256,1421,1722,1783,2162,3207,900,689,1647,1864,1522,1993,559,1161,3039,3318,4192,490,
1387,1247,1360,1580,1877,1927,2227,2477,1860,1650,1680,1500,1600,1150,1354,1490,840,1120,1110,580,1040,380,680,0,512,2730,1070,1360,1570,1800,3270,1593,1904,1778,1561,831,2318,1870,1560,2482,1138,645,669,1843,1590,1905,2086,1404,1424,4412,1568,666,821,1025,1881,1439,1915,1954,1388,1689,1524,1727,1611,1775,1557,1825,2013,1248,1884,1433,1929,1832,1736,1747,1313,947,1778,1921,820,591,875,3127,975,1670,1461,560,560,515,1785,930,2857,1252,4754,1723,1890,1890,1890,1720,1051,1235,1235,1235,3025,1998,1439,1294,1637,1795,1160,1142,1295,1250,1250,1255,2075,4667,1922,3900,3387,860,1748,1505,1899,1670,1860,1860,1540,3933,1235,1981,2062,1441,1402,1402,1402,1402,1366,1631,1393,1503,1713,1919,1874,1925,1841,1795,889,1618,1619,1664,1709,1880,1416,1115,1001,2056,602,1370,1138,1647,1814,1345,1680,1725,1680,1815,1065,1815,1725,1860,1860,2767,2882,804,360,855,1725,4080,3450,916,1051,2101,2056,2408,1643,815,1350,1310,1258,270,1522,1477,1593,179,179,4606,1552,1427,4066,1486,89,986,2015,1243,1427,2003,350,1130,764,1168,1553,2633,1966,736,3360,2050,1592,1413,765,363,3047,992,1759,1255,1300,2320,1538,1724,1620,1721,1557,1839,1048,1280,1926,1966,1428,1502,1700,1236,1528,799,2813,558,1570,1481,718,1835,1694,1578,1689,1413,1187,1541,1653,1312,1417,1351,1371,3419,1789,1809,1369,1415,1568,1926,810,2307,1940,1204,896,1661,1367,1713,1863,2800,1145,749,2122,1588,1162,1586,141,1481,3519,3798,4682,550,
1899,1759,1872,2092,2389,2439,2739,2989,2370,2162,2190,2010,2110,1662,1866,2000,1352,1632,1370,813,1240,892,865,512,0,2230,1582,1745,1945,2185,3655,2105,2414,2290,2073,319,2830,2382,2070,2867,1398,1157,1181,2355,2102,2415,2471,1916,1936,4787,2078,1178,725,513,2393,1951,2427,2466,1900,2201,2036,2239,2123,2170,1905,2085,2523,1508,2396,1945,2441,2344,2248,2259,1825,1459,2290,2431,1332,1103,1387,3502,1487,2180,1973,1072,1072,1027,2297,1442,3369,1764,5129,2235,2275,2275,2275,2105,1563,1747,1747,1747,3537,2510,1951,782,2012,2170,1672,1654,1807,1762,1762,1767,2587,5179,2434,4285,3772,1045,2260,2017,2411,2182,2370,2370,2052,4318,1747,2493,2574,1701,1602,1602,1602,1602,1566,2143,1717,2015,2225,2429,2384,2435,2353,2307,1074,1878,2131,2176,2221,2140,1928,603,905,2566,90,1882,626,2159,2326,1605,2192,2237,2192,2325,1577,2325,2237,2372,2370,3279,3394,1316,872,1164,2235,4465,3835,1428,1563,2486,2441,2920,2155,1000,1585,1495,1770,782,2034,1989,2105,450,513,4991,2064,1939,4451,1998,423,1498,2489,1755,1939,2515,862,1642,1276,1680,2065,3145,2351,1248,3745,2562,2104,1925,1159,875,3559,1504,2269,1515,1812,2832,2050,2236,2132,2233,2069,2351,536,1792,2436,2476,1940,2014,1960,1748,1788,984,3325,1070,2082,1993,683,2345,2204,2090,2201,1925,1447,2053,2165,1512,1929,1611,1883,3804,2301,2321,1881,1927,2080,2436,995,2692,2452,692,1408,2173,1879,2225,2375,3312,1657,1261,2512,2100,1674,2098,653,1993,3904,4183,5057,1062,
3532,3670,3370,3210,3042,4222,4462,4712,4070,3770,4020,3620,4150,3590,3700,3300,3290,3280,3600,3040,3460,2400,2090,2730,2230,0,2827,2180,2070,2600,2750,3493,4062,3898,3762,2279,4613,3500,3370,3302,3628,2403,3399,3967,3832,4084,2906,3893,3666,4229,3378,2424,2231,2085,4001,3196,4035,4323,2509,3319,3867,4073,3957,4325,4046,4315,4192,3738,4004,3779,4298,3952,4176,3867,3753,3444,3898,4261,2840,2615,2895,2944,3425,3480,3218,2580,2580,2535,3905,3380,5092,3702,4571,4069,2690,2690,2690,2540,3071,3080,3080,3080,5260,4367,3644,1996,2137,2295,2917,2899,3052,2795,3007,3415,3705,6902,4042,3380,2867,2270,4094,2578,4019,3300,4078,4033,3550,3413,3255,4276,4357,3931,3822,3822,3822,3822,3786,4071,3882,3663,3470,4469,4424,4265,3598,4235,2299,4108,3376,3421,3466,4370,3576,2175,2411,4510,2320,3612,2856,3404,3444,3835,3922,3967,3922,4065,3515,4139,3967,4102,4200,5002,5117,3534,3090,2389,3768,3560,2930,2936,3071,2901,2856,4703,3803,2225,2810,2720,3747,2775,3667,3622,3692,2680,2743,4086,3992,3667,3546,3646,2653,3006,2904,2660,3512,4298,2640,3600,3262,3657,3713,4928,2766,2756,2840,3680,3633,3902,2384,3093,5282,3481,3975,3745,3789,4576,3884,3354,4060,4064,3314,3596,2766,3522,4048,4420,3588,3662,4190,3396,4018,2209,5048,2316,4010,3238,2272,4175,4244,3335,3319,3573,3677,3981,4093,3732,3857,3841,3128,2899,3070,3929,3712,2488,3914,4380,2220,3107,3570,1906,3346,3291,3572,3873,4232,5035,2990,2769,2927,3934,3612,3348,2639,3238,2999,3278,4499,2570,
1080,1100,790,600,970,1750,2040,2300,1390,1090,1330,920,1650,1090,910,480,990,740,1650,1640,2100,700,750,1070,1582,2827,0,647,877,740,2540,673,1382,1218,1310,1901,2141,890,550,1769,1678,965,1504,1287,1240,1404,1373,1498,1126,3719,558,986,891,2095,1321,369,1355,1533,318,709,1377,1283,1167,1825,1728,1910,1512,1788,1324,989,1508,1272,1676,1187,1253,972,1218,1571,1140,915,1021,2434,1125,660,391,880,880,835,1225,1080,2670,1402,4061,1279,830,830,830,1007,1201,1156,1156,1156,2848,1577,1064,2364,944,1102,90,72,225,180,180,875,1095,4490,1362,3170,2657,930,1304,435,1339,690,1398,1353,970,3203,661,1804,1885,1635,2462,2462,2462,2462,2426,1479,1582,1123,643,1969,1924,1575,771,1735,959,2092,549,594,639,2010,1036,2185,1071,1820,1672,1072,2208,577,834,1885,1330,1375,1330,1385,1215,1459,1375,1510,1510,2580,2705,1639,1430,1049,941,3350,2720,1236,1336,1041,996,2231,1248,885,1470,1380,1447,1164,1215,1170,1112,1249,1249,3876,1492,1215,3336,1091,1159,1021,1044,173,932,1826,1148,1020,1155,1357,1158,2456,906,1056,2630,1070,806,1584,1044,1433,2870,1181,1295,1795,1394,2143,1094,744,1468,1574,487,769,2118,982,1368,1730,851,925,1830,856,2002,869,2636,878,1510,411,932,1485,1744,508,709,1033,1720,1389,1593,2372,1357,1545,301,2689,719,1249,1222,345,1124,1690,880,1247,960,2274,1046,681,992,1318,1442,2623,1066,1069,1067,1144,1312,1276,939,411,2789,3068,3989,870,
1372,1512,1210,1050,882,2062,2302,2552,2030,1737,1970,1560,2290,1730,1540,1120,1637,1380,2290,1920,2390,980,880,1360,1745,2180,647,0,230,440,1910,1313,2029,1865,1602,2064,2453,1340,1190,1122,2318,921,2029,1934,1880,2051,726,2138,1766,3072,1198,752,1021,2258,1968,1016,2002,2163,329,1159,1707,1913,1797,2465,2368,2550,2159,2428,1971,1619,2138,1919,2316,1834,1893,1612,1865,2211,1420,1195,1475,1787,1772,1300,1038,1160,1160,1115,1872,1727,2932,2049,3414,1909,530,530,530,360,1643,1598,1598,1598,3100,2207,1484,2527,297,455,737,719,872,615,827,1515,1545,4742,2009,2540,2027,1060,1934,398,1986,1140,2045,2000,1390,2573,1308,2116,2197,2282,2752,2752,2752,2752,2716,2119,2229,1763,1290,2609,2564,2215,1418,2375,892,2732,1196,1241,1286,2650,1676,2348,1201,2460,1835,1712,2371,1224,1284,2525,1970,2015,1970,2032,1862,2105,2015,2150,2150,2842,2957,2164,1720,717,1588,2720,2090,1516,1651,741,696,2543,1888,1015,1212,1482,2094,1444,1507,1462,1532,1539,1539,3246,2132,1507,2706,1731,1449,1586,744,480,1352,2138,1428,1440,1795,2004,1798,2768,606,1336,2000,1520,1453,2224,627,1723,3122,1828,1942,2435,2034,2416,1724,1194,2108,1904,1134,1416,2281,1622,2015,2370,1498,1572,2470,1496,2642,802,2888,834,2150,1058,1062,2125,2384,1155,1159,1673,2367,2029,2233,2662,1997,2192,948,2059,910,1896,1552,308,1754,2330,1010,947,1410,2437,1693,1131,1412,1958,2072,2875,1508,1349,767,1774,1959,1188,1219,1058,2159,2438,3342,1150,
1572,1712,1410,1250,1082,2262,2502,2752,2260,1967,2200,1790,2520,1960,1740,1350,1867,1610,2520,2130,2600,1200,1080,1570,1945,2070,877,230,0,640,1740,1543,2259,2095,1802,2264,2653,1540,1420,1352,2548,1151,2239,2164,2110,2281,956,2368,1996,2842,1428,982,1221,2458,2198,1246,2232,2363,559,1359,1907,2113,1997,2695,2598,2780,2389,2658,2201,1819,2338,2149,2546,2064,2123,1823,2095,2441,1640,1415,1695,1557,2002,1530,1268,1380,1380,1335,2102,1957,3132,2279,3184,2109,730,730,730,590,1871,1828,1828,1828,3300,2407,1684,2727,67,225,967,949,1102,845,1057,1745,1745,4942,2239,2370,1857,1260,2134,628,2216,1340,2275,2230,1590,2403,1538,2316,2397,2512,2962,2962,2962,2962,2926,2349,2459,1993,1520,2839,2794,2445,1648,2605,1122,2962,1426,1471,1516,2880,1906,2548,1401,2690,2035,1942,2571,1454,1484,2755,2200,2245,2200,2262,2092,2335,2245,2380,2380,3042,3157,2374,1930,947,1818,2550,1920,1736,1871,941,896,2743,2118,1215,1442,1710,2324,1664,1707,1662,1732,1749,1749,3076,2362,1707,2536,1961,1659,1806,944,710,1552,2338,1630,1640,2006,2234,2028,2968,806,1556,1830,1720,1683,2454,857,1933,3322,2058,2172,2665,2264,2616,1924,1394,2338,2104,1364,1646,2481,1852,2245,2600,1728,1802,2700,1726,2872,1032,3088,1064,2380,1288,1262,2355,2614,1385,1359,1903,2597,2259,2463,2872,2227,2422,1178,1889,1110,2126,1752,538,1954,2560,1210,1147,1610,2637,1923,1331,1612,2188,2272,3075,1738,1569,967,1974,2189,1388,1439,1288,1989,2268,3112,1370,
